At time 1698759565.907442490
- Translation: [0.000, 0.000, 0.000]
- Rotation: in Quaternion [0.000, 0.000, -0.704, 0.710]
- Rotation: in RPY (radian) [0.000, 0.000, -1.563]
- Rotation: in RPY (degree) [0.000, 0.000, -89.575]
- Matrix:
  0.007  1.000  0.000  0.000
 -1.000  0.007 -0.000  0.000
 -0.000  0.000  1.000  0.000
  0.000  0.000  0.000  1.000
At time 1698759566.898857188
- Translation: [0.000, 0.000, 0.000]
- Rotation: in Quaternion [0.000, 0.000, -0.704, 0.710]
- Rotation: in RPY (radian) [0.000, 0.000, -1.563]
- Rotation: in RPY (degree) [0.000, 0.000, -89.575]
- Matrix:
  0.007  1.000  0.000  0.000
 -1.000  0.007 -0.000  0.000
 -0.000  0.000  1.000  0.000
  0.000  0.000  0.000  1.000
At time 1698759567.906523540
- Translation: [0.000, 0.000, 0.000]
- Rotation: in Quaternion [0.000, 0.000, -0.704, 0.710]
- Rotation: in RPY (radian) [0.000, 0.000, -1.563]
- Rotation: in RPY (degree) [0.000, 0.000, -89.575]
- Matrix:
  0.007  1.000  0.000  0.000
 -1.000  0.007 -0.000  0.000
 -0.000  0.000  1.000  0.000
  0.000  0.000  0.000  1.000
At time 1698759568.898590418
- Translation: [0.000, -0.032, 0.000]
- Rotation: in Quaternion [0.000, 0.000, -0.704, 0.710]
- Rotation: in RPY (radian) [0.000, 0.000, -1.563]
- Rotation: in RPY (degree) [0.000, 0.000, -89.575]
- Matrix:
  0.007  1.000  0.000  0.000
 -1.000  0.007 -0.000 -0.032
 -0.000  0.000  1.000  0.000
  0.000  0.000  0.000  1.000
At time 1698759569.906727933
- Translation: [1.638, -0.402, 0.000]
- Rotation: in Quaternion [0.000, 0.000, -0.236, 0.972]
- Rotation: in RPY (radian) [0.000, 0.000, -0.476]
- Rotation: in RPY (degree) [0.000, 0.000, -27.266]
- Matrix:
  0.889  0.458  0.000  1.638
 -0.458  0.889 -0.000 -0.402
 -0.000  0.000  1.000  0.000
  0.000  0.000  0.000  1.000
At time 1698759570.898930430
- Translation: [1.999, -0.803, 0.000]
- Rotation: in Quaternion [0.000, 0.000, -0.441, 0.897]
- Rotation: in RPY (radian) [0.000, 0.000, -0.914]
- Rotation: in RPY (degree) [0.000, 0.000, -52.361]
- Matrix:
  0.611  0.792  0.000  1.999
 -0.792  0.611 -0.000 -0.803
 -0.000  0.000  1.000  0.000
  0.000  0.000  0.000  1.000
At time 1698759571.907180050
- Translation: [2.039, -0.910, 0.000]
- Rotation: in Quaternion [0.000, 0.000, -0.641, 0.767]
- Rotation: in RPY (radian) [0.000, 0.000, -1.393]
- Rotation: in RPY (degree) [0.000, 0.000, -79.802]
- Matrix:
  0.177  0.984  0.000  2.039
 -0.984  0.177 -0.000 -0.910
 -0.000  0.000  1.000  0.000
  0.000  0.000  0.000  1.000
At time 1698759572.899105624
- Translation: [0.766, -0.678, 0.000]
- Rotation: in Quaternion [0.000, 0.000, 0.927, -0.374]
- Rotation: in RPY (radian) [0.000, -0.000, -2.374]
- Rotation: in RPY (degree) [0.000, -0.000, -136.016]
- Matrix:
 -0.720  0.694  0.000  0.766
 -0.694 -0.720  0.000 -0.678
  0.000  0.000  1.000  0.000
  0.000  0.000  0.000  1.000
At time 1698759573.907167368
- Translation: [0.868, -2.034, 0.000]
- Rotation: in Quaternion [0.000, 0.000, -0.648, 0.762]
- Rotation: in RPY (radian) [0.000, 0.000, -1.410]
- Rotation: in RPY (degree) [0.000, 0.000, -80.780]
- Matrix:
  0.160  0.987  0.000  0.868
 -0.987  0.160 -0.000 -2.034
 -0.000  0.000  1.000  0.000
  0.000  0.000  0.000  1.000
At time 1698759574.898992281
- Translation: [3.149, -1.345, 0.000]
- Rotation: in Quaternion [0.000, 0.000, -0.165, 0.986]
- Rotation: in RPY (radian) [0.000, 0.000, -0.332]
- Rotation: in RPY (degree) [0.000, 0.000, -19.040]
- Matrix:
  0.945  0.326  0.000  3.149
 -0.326  0.945 -0.000 -1.345
 -0.000  0.000  1.000  0.000
  0.000  0.000  0.000  1.000
At time 1698759575.907369427
- Translation: [2.791, -0.260, 0.000]
- Rotation: in Quaternion [0.000, 0.000, -0.441, 0.898]
- Rotation: in RPY (radian) [0.000, 0.000, -0.913]
- Rotation: in RPY (degree) [0.000, 0.000, -52.288]
- Matrix:
  0.612  0.791  0.000  2.791
 -0.791  0.612 -0.000 -0.260
 -0.000  0.000  1.000  0.000
  0.000  0.000  0.000  1.000
At time 1698759576.899116902
- Translation: [1.296, -1.123, 0.000]
- Rotation: in Quaternion [0.000, 0.000, -0.756, 0.654]
- Rotation: in RPY (radian) [0.000, 0.000, -1.715]
- Rotation: in RPY (degree) [0.000, 0.000, -98.255]
- Matrix:
 -0.144  0.990  0.000  1.296
 -0.990 -0.144 -0.000 -1.123
 -0.000  0.000  1.000  0.000
  0.000  0.000  0.000  1.000
At time 1698759577.906473453
- Translation: [2.112, -1.873, 0.000]
- Rotation: in Quaternion [0.000, 0.000, -0.445, 0.896]
- Rotation: in RPY (radian) [0.000, 0.000, -0.922]
- Rotation: in RPY (degree) [0.000, 0.000, -52.838]
- Matrix:
  0.604  0.797  0.000  2.112
 -0.797  0.604 -0.000 -1.873
 -0.000  0.000  1.000  0.000
  0.000  0.000  0.000  1.000
At time 1698759578.898871683
- Translation: [2.531, -0.796, 0.000]
- Rotation: in Quaternion [0.000, 0.000, -0.120, 0.993]
- Rotation: in RPY (radian) [0.000, 0.000, -0.241]
- Rotation: in RPY (degree) [0.000, 0.000, -13.785]
- Matrix:
  0.971  0.238  0.000  2.531
 -0.238  0.971 -0.000 -0.796
 -0.000  0.000  1.000  0.000
  0.000  0.000  0.000  1.000
At time 1698759579.906042049
- Translation: [1.390, -0.183, 0.000]
- Rotation: in Quaternion [0.000, 0.000, 0.027, 1.000]
- Rotation: in RPY (radian) [0.000, -0.000, 0.055]
- Rotation: in RPY (degree) [0.000, -0.000, 3.144]
- Matrix:
  0.998 -0.055  0.000  1.390
  0.055  0.998  0.000 -0.183
  0.000  0.000  1.000  0.000
  0.000  0.000  0.000  1.000
At time 1698759580.898965971
- Translation: [0.700, -0.044, 0.000]
- Rotation: in Quaternion [0.000, 0.000, 0.093, 0.996]
- Rotation: in RPY (radian) [0.000, -0.000, 0.186]
- Rotation: in RPY (degree) [0.000, -0.000, 10.682]
- Matrix:
  0.983 -0.185  0.000  0.700
  0.185  0.983  0.000 -0.044
  0.000  0.000  1.000  0.000
  0.000  0.000  0.000  1.000
At time 1698759581.906331410
- Translation: [0.347, -0.011, 0.000]
- Rotation: in Quaternion [0.000, 0.000, 0.125, 0.992]
- Rotation: in RPY (radian) [0.000, -0.000, 0.250]
- Rotation: in RPY (degree) [0.000, -0.000, 14.331]
- Matrix:
  0.969 -0.248  0.000  0.347
  0.248  0.969  0.000 -0.011
  0.000  0.000  1.000  0.000
  0.000  0.000  0.000  1.000
At time 1698759582.898983930
- Translation: [0.173, -0.003, 0.000]
- Rotation: in Quaternion [0.000, 0.000, 0.140, 0.990]
- Rotation: in RPY (radian) [0.000, -0.000, 0.281]
- Rotation: in RPY (degree) [0.000, -0.000, 16.096]
- Matrix:
  0.961 -0.277  0.000  0.173
  0.277  0.961  0.000 -0.003
  0.000  0.000  1.000  0.000
  0.000  0.000  0.000  1.000
At time 1698759583.906448274
- Translation: [0.086, -0.001, 0.000]
- Rotation: in Quaternion [0.000, 0.000, 0.147, 0.989]
- Rotation: in RPY (radian) [0.000, -0.000, 0.296]
- Rotation: in RPY (degree) [0.000, -0.000, 16.959]
- Matrix:
  0.957 -0.292  0.000  0.086
  0.292  0.957  0.000 -0.001
  0.000  0.000  1.000  0.000
  0.000  0.000  0.000  1.000
At time 1698759584.898914298
- Translation: [0.042, -0.000, 0.000]
- Rotation: in Quaternion [0.000, 0.000, 0.151, 0.989]
- Rotation: in RPY (radian) [0.000, -0.000, 0.303]
- Rotation: in RPY (degree) [0.000, -0.000, 17.378]
- Matrix:
  0.954 -0.299  0.000  0.042
  0.299  0.954  0.000 -0.000
  0.000  0.000  1.000  0.000
  0.000  0.000  0.000  1.000
At time 1698759585.906644676
- Translation: [0.021, -0.000, 0.000]
- Rotation: in Quaternion [0.000, 0.000, 0.153, 0.988]
- Rotation: in RPY (radian) [0.000, -0.000, 0.307]
- Rotation: in RPY (degree) [0.000, -0.000, 17.582]
- Matrix:
  0.953 -0.302  0.000  0.021
  0.302  0.953  0.000 -0.000
  0.000  0.000  1.000  0.000
  0.000  0.000  0.000  1.000
